1538
1542
769
223761
1046
223769
223770
1126
543
51
60
63
220224
65
578
220227
68
69
220235
223835
1125
614
615
3688
619
224701
113
626
116
227445
639
128
227457
646
648
1162
651
652
141
667
668
157
670
224421
224422
679
8368
184
194
198
226512
211
212
218
732
221
223
720
226534
226536
5865
723
762
8448
227073
770
773
777
778
779
780
787
793
806
807
813
814
817
818
833
834
227468
851
855
225634
225126
64
3459
226707
920
924
225698
220074
224691
445
1525
454
456
467
470
677
492
1517
1521
1522
1523
501
504
1530
1531
1532
1534
1535
617
27
210
706
669
671
672